0
2
4
6
8
A
C
E
10
12
14
16
18
1A
1C
1E
20
22
24
26
28
2A
2C
2E
30
32
34
36
38
3A
3C
3E
40
42
44
46
48
4A
4C
4E
50
52
54
56
58
5A
5C
5E
60
62
64
66
68
6A
6C
6E
70
72
74
76
78
7A
7C
7E
0
4
8
C
10
14
18
1C
20
24
28
2C
30
34
38
3C
40
44
48
4C
50
54
58
5C
60
64
68
6C
70
74
78
7C
1
5
9
D
11
15
19
1D
21
25
29
2D
31
35
39
3D
41
45
49
4D
51
55
59
5D
61
65
69
6D
71
75
79
7D
0
8
10
18
20
28
30
38
40
48
50
58
60
68
70
78
1
9
11
19
21
29
31
39
41
49
51
59
61
69
71
79
2
A
12
1A
22
2A
32
3A
42
4A
52
5A
62
6A
72
7A
3
B
13
1B
23
2B
33
3B
43
4B
53
5B
63
6B
73
7B
0
10
20
30
40
50
60
70
1
11
21
31
41
51
61
71
2
12
22
32
42
52
62
72
3
13
23
33
43
53
63
73
4
14
24
34
44
54
64
74
5
15
25
35
45
55
65
75
6
16
26
36
46
56
66
76
7
17
27
37
47
57
67
77
0
20
40
60
1
21
41
61
2
22
42
62
3
23
43
63
4
24
44
64
5
25
45
65
6
26
46
66
7
27
47
67
8
28
48
68
9
29
49
69
A
2A
4A
6A
B
2B
4B
6B
C
2C
4C
6C
D
2D
4D
6D
E
2E
4E
6E
F
2F
4F
6F
0
40
1
41
2
42
3
43
4
44
5
45
6
46
7
47
8
48
9
49
A
4A
B
4B
C
4C
D
4D
E
4E
F
4F
10
50
11
51
12
52
13
53
14
54
15
55
16
56
17
57
18
58
19
59
1A
5A
1B
5B
1C
5C
1D
5D
1E
5E
1F
5F
0
1
2
3
4
5
6
7
8
9
A
B
C
D
E
F
10
11
12
13
14
15
16
17
18
19
1A
1B
1C
1D
1E
1F
20
21
22
23
24
25
26
27
28
29
2A
2B
2C
2D
2E
2F
30
31
32
33
34
35
36
37
38
39
3A
3B
3C
3D
3E
3F
