0
0
0
0
0
0
0
0
0
0
0
0
0
0
0
0
0
0
0
0
0
0
0
0
0
0
0
0
0
0
0
0
0
0
0
0
0
0
0
0
0
0
0
0
0
0
0
0
0
0
0
0
0
0
0
0
0
0
0
0
0
0
0
0
0
0
0
0
0
0
0
0
0
0
0
0
0
0
0
0
0
0
0
0
0
0
0
0
0
0
0
0
0
0
0
0
20
20
20
20
20
20
20
20
20
20
20
20
20
20
20
20
20
20
20
20
20
20
20
20
20
20
20
20
20
20
20
20
0
0
0
0
0
0
0
0
0
0
0
0
0
0
0
0
10
10
10
10
10
10
10
10
10
10
10
10
10
10
10
10
20
20
20
20
20
20
20
20
20
20
20
20
20
20
20
20
30
30
30
30
30
30
30
30
30
30
30
30
30
30
30
30
0
0
0
0
0
0
0
0
8
8
8
8
8
8
8
8
10
10
10
10
10
10
10
10
18
18
18
18
18
18
18
18
20
20
20
20
20
20
20
20
28
28
28
28
28
28
28
28
30
30
30
30
30
30
30
30
38
38
38
38
38
38
38
38
0
0
0
0
4
4
4
4
8
8
8
8
C
C
C
C
10
10
10
10
14
14
14
14
18
18
18
18
1C
1C
1C
1C
20
20
20
20
24
24
24
24
28
28
28
28
2C
2C
2C
2C
30
30
30
30
34
34
34
34
38
38
38
38
3C
3C
3C
3C
0
0
2
2
4
4
6
6
8
8
A
A
C
C
E
E
10
10
12
12
14
14
16
16
18
18
1A
1A
1C
1C
1E
1E
20
20
22
22
24
24
26
26
28
28
2A
2A
2C
2C
2E
2E
30
30
32
32
34
34
36
36
38
38
3A
3A
3C
3C
3E
3E
0
1
2
3
4
5
6
7
8
9
A
B
C
D
E
F
10
11
12
13
14
15
16
17
18
19
1A
1B
1C
1D
1E
1F
20
21
22
23
24
25
26
27
28
29
2A
2B
2C
2D
2E
2F
30
31
32
33
34
35
36
37
38
39
3A
3B
3C
3D
3E
3F
